

Executing test 000:
   Flow-shop Schedule: 4 1 3 0 2 
   Flow-shop Makespan: 40
   Time Duration: 303

Executing test 003:
   Flow-shop Schedule: 2 15 19 5 17 6 0 11 9 4 8 3 18 13 16 12 10 7 1 14 
   Flow-shop Makespan: 1132
   Time Duration: 3012

Executing test 006:
   Flow-shop Schedule: 10 4 5 19 12 7 16 15 17 0 6 11 13 1 9 14 8 3 18 2 
   Flow-shop Makespan: 1210
   Time Duration: 3001

Executing test 009:
   Flow-shop Schedule: 3 1 0 5 19 17 16 14 2 9 6 8 15 12 7 4 11 13 10 18 
   Flow-shop Makespan: 1272
   Time Duration: 3001

Executing test 012:
   Flow-shop Schedule: 16 14 11 8 12 4 10 19 6 18 9 0 1 2 5 15 3 7 13 17 
   Flow-shop Makespan: 1702
   Time Duration: 6002

Executing test 015:
   Flow-shop Schedule: 15 7 3 19 17 0 13 12 14 5 2 16 1 6 4 8 18 11 10 9 
   Flow-shop Makespan: 1463
   Time Duration: 6002

Executing test 018:
   Flow-shop Schedule: 7 6 17 15 13 3 16 1 2 4 8 18 5 10 0 12 14 19 9 11 
   Flow-shop Makespan: 1594
   Time Duration: 6002

Executing test 021:
   Flow-shop Schedule: 15 17 7 9 11 12 8 13 10 14 4 0 19 1 3 5 6 16 18 2 
   Flow-shop Makespan: 2314
   Time Duration: 12004

Executing test 024:
   Flow-shop Schedule: 13 2 17 4 1 3 7 11 5 10 19 14 12 0 6 18 15 9 8 16 
   Flow-shop Makespan: 2248
   Time Duration: 12002

Executing test 027:
   Flow-shop Schedule: 9 11 15 13 4 18 17 5 6 16 3 1 10 14 19 7 8 2 0 12 
   Flow-shop Makespan: 2366
   Time Duration: 12004

Executing test 030:
   Flow-shop Schedule: 5 2 16 7 6 1 10 18 14 11 8 9 15 12 4 17 0 3 19 13 
   Flow-shop Makespan: 2195
   Time Duration: 12005

Executing test 033:
   Flow-shop Schedule: 26 7 21 1 15 23 17 29 34 24 40 6 2 32 45 30 31 36 47 33 14 12 0 19 9 35 48 4 3 44 39 25 8 16 28 42 46 18 37 49 41 43 13 22 27 10 20 38 5 11 
   Flow-shop Makespan: 2632
   Time Duration: 7516

Executing test 036:
   Flow-shop Schedule: 0 27 32 20 40 3 10 21 4 34 45 39 24 28 49 47 23 42 19 38 9 15 18 7 29 33 2 8 22 14 5 48 37 17 35 6 16 12 44 43 36 1 31 25 13 46 26 41 11 30 
   Flow-shop Makespan: 2836
   Time Duration: 7522

Executing test 039:
   Flow-shop Schedule: 23 11 12 0 2 28 49 27 8 43 14 38 48 46 32 39 4 1 19 29 33 47 17 24 18 20 31 10 25 37 45 30 22 21 35 6 5 40 26 34 44 13 9 15 42 41 36 16 7 3 
   Flow-shop Makespan: 2564
   Time Duration: 7517

Executing test 042:
   Flow-shop Schedule: 34 48 41 32 27 11 46 45 9 30 22 10 17 19 38 33 37 4 13 42 6 2 28 15 25 43 3 49 18 35 20 7 31 40 36 14 8 5 39 1 0 12 24 26 29 23 21 44 16 47 
   Flow-shop Makespan: 2985
   Time Duration: 15049

Executing test 045:
   Flow-shop Schedule: 5 41 0 47 9 45 10 13 32 39 48 4 37 2 44 11 30 17 35 43 1 29 3 6 15 24 14 46 21 7 27 23 8 16 40 28 26 34 38 12 31 36 18 33 19 25 20 42 22 49 
   Flow-shop Makespan: 3133
   Time Duration: 15043

Executing test 048:
   Flow-shop Schedule: 5 16 10 13 7 0 17 33 19 25 8 12 34 21 15 28 49 32 46 1 31 47 2 43 36 44 9 14 22 41 18 11 23 48 29 45 3 42 24 26 30 35 27 4 37 40 6 20 39 38 
   Flow-shop Makespan: 3099
   Time Duration: 15017

Executing test 051:
   Flow-shop Schedule: 34 42 30 19 44 4 9 0 32 5 41 7 35 28 40 45 46 27 48 25 12 49 31 15 33 11 47 1 37 6 36 38 21 16 22 39 10 13 20 23 17 18 8 14 29 3 43 26 24 2 
   Flow-shop Makespan: 4047
   Time Duration: 30050

Executing test 054:
   Flow-shop Schedule: 19 3 7 20 23 0 44 2 35 43 48 12 15 21 22 37 13 11 30 6 39 10 32 28 29 31 34 42 14 8 4 5 45 1 9 38 36 40 47 16 26 18 24 17 41 25 46 49 33 27 
   Flow-shop Makespan: 3868
   Time Duration: 30099

Executing test 057:
   Flow-shop Schedule: 19 3 14 1 45 22 42 28 11 37 13 27 10 4 48 18 33 26 21 40 44 9 35 12 30 25 49 46 39 23 36 16 17 34 47 8 7 38 32 31 29 20 2 41 0 6 5 24 43 15 
   Flow-shop Makespan: 3822
   Time Duration: 30047

Executing test 060:
   Flow-shop Schedule: 35 18 32 21 14 41 9 36 42 3 13 46 49 0 20 7 8 2 17 22 19 30 27 26 43 12 38 37 48 31 5 24 4 16 28 44 34 39 40 1 10 11 45 25 23 15 29 6 47 33 
   Flow-shop Makespan: 3947
   Time Duration: 30063

Executing test 063:
   Flow-shop Schedule: 96 93 67 81 31 27 40 88 0 16 37 50 41 10 11 29 9 24 22 89 60 95 57 42 1 76 56 64 30 13 69 15 44 39 99 85 61 38 58 18 74 94 33 21 66 90 20 87 5 91 78 17 53 80 98 43 23 52 55 79 12 45 59 73 36 68 46 48 92 34 77 49 82 72 14 32 28 83 19 3 97 2 65 75 62 71 7 84 86 26 51 70 6 25 4 8 63 47 35 54 
   Flow-shop Makespan: 5179
   Time Duration: 15069

Executing test 066:
   Flow-shop Schedule: 53 48 69 0 46 28 20 68 19 82 72 7 38 89 91 71 5 3 85 79 60 52 90 55 36 2 84 87 94 96 56 26 41 97 49 33 30 77 43 6 67 66 4 98 25 99 70 8 95 81 13 16 32 11 45 21 39 75 27 22 15 50 23 64 47 58 63 29 24 92 9 51 44 10 86 12 34 61 57 62 42 54 74 59 73 76 14 40 1 18 78 80 17 83 65 88 37 93 31 35 
   Flow-shop Makespan: 5139
   Time Duration: 15049

Executing test 069:
   Flow-shop Schedule: 69 8 3 23 46 47 59 83 71 56 5 42 18 62 74 52 48 94 27 50 57 28 39 43 72 20 1 58 15 33 92 80 99 82 53 79 54 0 10 4 97 64 34 84 95 31 22 44 78 32 85 11 66 67 49 19 35 37 86 65 70 36 73 51 93 91 98 60 41 55 40 77 30 87 76 29 13 21 2 24 6 75 88 45 61 63 90 12 25 38 81 26 14 7 17 68 9 96 89 16 
   Flow-shop Makespan: 5484
   Time Duration: 15075

Executing test 072:
   Flow-shop Schedule: 94 45 65 48 53 11 7 1 68 2 64 24 86 26 76 63 73 97 42 88 58 46 61 78 72 21 8 49 56 70 67 87 71 96 59 17 80 10 90 84 77 15 13 40 31 30 19 36 95 14 60 5 66 41 57 28 16 18 39 81 37 51 93 92 25 33 4 12 82 47 44 99 0 79 54 83 34 74 29 69 52 20 89 91 3 75 62 32 55 50 22 27 98 35 9 43 85 6 38 23 
   Flow-shop Makespan: 5436
   Time Duration: 30095

Executing test 075:
   Flow-shop Schedule: 78 82 32 64 74 55 87 99 4 41 96 94 79 9 0 17 93 76 47 56 62 29 15 19 28 89 98 71 1 22 84 6 70 26 38 40 48 52 11 27 86 12 61 36 57 90 37 35 21 24 8 43 88 73 65 31 3 46 58 23 69 72 33 83 20 67 16 92 97 60 75 10 59 54 5 34 68 14 45 53 7 39 63 85 91 81 80 18 50 13 44 49 66 95 2 42 25 30 51 77 
   Flow-shop Makespan: 5522
   Time Duration: 30365

Executing test 078:
   Flow-shop Schedule: 11 77 40 89 30 69 31 32 75 72 37 55 13 79 71 22 38 97 95 49 96 62 68 54 4 47 85 35 93 52 99 8 58 98 88 14 53 6 90 67 70 20 80 91 84 29 21 18 25 19 56 34 15 23 12 61 17 92 39 74 26 27 59 45 42 44 86 83 5 60 3 36 64 87 51 94 82 81 41 76 57 7 50 48 28 63 0 2 66 16 73 46 24 33 10 43 9 1 65 78 
   Flow-shop Makespan: 5709
   Time Duration: 30093

Executing test 081:
   Flow-shop Schedule: 21 53 46 39 32 73 76 10 9 30 23 89 82 54 74 49 77 79 64 58 38 99 29 15 90 26 98 19 45 11 20 2 43 27 92 31 60 1 8 0 33 36 62 95 66 65 94 69 55 7 3 14 18 6 34 85 80 44 5 52 84 24 22 50 81 97 59 16 87 78 4 71 75 83 13 47 70 91 88 17 72 63 56 28 86 67 61 93 42 57 25 51 96 41 48 37 40 68 12 35 
   Flow-shop Makespan: 6550
   Time Duration: 60596

Executing test 084:
   Flow-shop Schedule: 0 44 4 43 68 90 7 85 23 62 91 97 21 65 57 25 1 31 63 51 66 77 59 64 47 37 83 45 88 87 48 72 19 8 34 50 76 58 2 28 15 99 17 55 16 18 60 69 70 53 86 42 6 40 36 41 22 98 71 20 14 54 9 11 73 82 84 24 89 12 38 61 30 95 94 75 49 10 27 80 3 93 46 29 78 67 92 32 35 56 81 5 13 39 52 33 74 26 79 96 
   Flow-shop Makespan: 6564
   Time Duration: 60447

Executing test 087:
   Flow-shop Schedule: 56 77 48 87 94 92 84 44 42 74 79 61 29 13 51 19 47 95 82 6 20 83 90 78 91 67 45 23 38 93 31 68 43 88 99 10 64 2 81 63 76 21 96 98 26 11 86 12 72 18 5 39 17 80 59 97 14 57 36 15 32 1 55 28 89 66 60 33 7 46 41 16 37 54 35 49 58 30 70 40 8 53 3 0 71 25 65 52 4 34 85 27 50 9 22 62 73 69 75 24 
   Flow-shop Makespan: 6608
   Time Duration: 60386

Executing test 090:
   Flow-shop Schedule: 76 99 64 10 33 66 14 19 55 27 80 37 20 34 23 6 0 87 53 41 50 61 88 5 59 86 78 70 73 46 11 22 40 12 24 82 91 97 36 85 39 26 51 77 47 1 45 71 4 31 83 9 96 8 90 94 67 25 17 21 42 7 29 30 3 49 68 32 95 15 89 13 35 81 98 2 75 62 93 28 60 16 69 79 44 63 56 43 74 48 72 38 57 18 54 84 58 65 52 92 
   Flow-shop Makespan: 6615
   Time Duration: 60216

Executing test 093:
   Flow-shop Schedule: 82 165 132 96 156 124 19 91 94 125 1 118 133 3 158 24 179 7 0 14 49 61 146 35 128 186 17 56 42 99 182 183 32 127 139 152 81 68 188 140 2 103 114 197 84 59 60 28 65 173 20 71 41 67 145 31 150 83 48 198 147 72 177 174 26 12 122 98 180 21 176 76 37 36 57 33 117 86 85 185 22 8 130 93 131 52 6 27 163 113 181 141 135 62 160 53 157 47 110 119 199 162 73 129 111 123 161 69 108 143 144 121 70 75 63 54 46 40 10 34 196 168 189 106 30 178 136 16 64 148 170 126 13 105 193 164 195 55 104 45 137 192 166 92 5 95 167 74 29 44 155 78 116 112 142 39 9 151 184 187 66 11 18 190 15 171 154 89 97 50 79 159 4 109 138 88 120 80 23 191 25 58 115 169 194 153 87 149 102 107 100 101 175 77 43 172 51 38 90 134 
   Flow-shop Makespan: 11048
   Time Duration: 60693

Executing test 096:
   Flow-shop Schedule: 84 51 10 99 35 182 125 22 101 94 131 157 152 90 102 111 25 171 54 142 114 59 98 163 38 66 108 24 62 113 186 20 78 172 166 179 110 61 167 189 196 173 11 42 8 158 92 126 75 106 140 69 46 191 145 154 28 127 40 155 33 105 109 175 135 156 181 2 53 91 141 5 124 198 148 58 164 9 115 165 41 1 45 64 150 79 161 73 63 81 199 103 119 129 128 21 13 121 184 138 159 147 100 149 169 7 47 15 87 197 183 26 29 4 49 0 137 48 34 70 168 56 83 174 30 74 122 190 104 143 188 14 31 82 139 118 65 192 136 107 112 89 55 23 187 43 95 144 37 85 80 193 27 160 162 97 130 19 44 16 153 170 57 117 178 52 151 185 96 195 116 6 71 176 120 32 18 77 3 36 123 180 60 93 12 194 177 133 86 76 132 50 17 68 72 88 134 67 39 146 
   Flow-shop Makespan: 10412
   Time Duration: 61478

Executing test 099:
   Flow-shop Schedule: 96 123 198 126 79 183 186 19 145 155 157 70 29 25 148 90 177 2 64 150 118 117 17 61 66 87 137 18 11 23 82 153 180 49 191 100 140 10 109 36 162 97 167 33 48 56 128 136 124 34 195 173 68 4 141 125 63 81 132 16 40 170 131 127 115 14 58 83 199 77 163 175 55 104 135 85 168 54 112 21 93 147 187 57 134 76 72 110 185 45 158 103 193 67 188 53 28 139 194 99 47 31 161 95 122 71 24 12 166 60 171 44 9 184 121 91 15 42 22 129 152 80 89 107 142 59 98 3 178 133 181 146 160 8 20 192 5 108 172 92 65 35 130 101 179 51 62 46 86 182 13 37 32 114 189 116 74 6 119 151 159 138 1 165 0 113 94 50 88 174 149 26 7 102 164 84 30 69 111 196 197 73 78 144 156 106 176 27 38 52 105 120 75 169 143 190 43 41 154 39 
   Flow-shop Makespan: 10541
   Time Duration: 61437

Executing test 102:
   Flow-shop Schedule: 55 183 131 135 167 151 36 145 171 91 24 175 86 162 33 168 10 97 51 69 158 44 149 78 98 17 161 128 130 40 73 196 46 59 28 104 4 90 170 152 18 118 72 49 30 141 93 29 85 53 184 89 173 166 143 133 57 107 1 155 48 108 14 3 174 123 37 159 157 21 134 182 95 115 94 116 185 22 34 177 102 178 187 77 100 50 199 197 137 164 80 12 153 16 60 82 122 47 19 56 154 112 7 169 136 147 15 101 76 121 70 186 148 42 54 84 125 194 99 114 106 195 75 5 74 62 63 64 172 27 146 67 191 0 180 181 65 23 160 9 71 117 103 176 92 83 192 31 45 198 188 110 124 2 127 144 119 126 13 52 66 111 140 26 8 25 81 39 68 165 150 79 87 193 20 11 32 43 190 109 41 129 96 88 113 163 38 138 58 120 142 105 189 61 35 156 132 6 139 179 
   Flow-shop Makespan: 11650
   Time Duration: 127771

Executing test 105:
   Flow-shop Schedule: 170 26 10 25 85 184 162 82 84 37 174 44 30 175 111 55 117 159 172 102 149 79 106 1 109 20 24 47 166 154 121 130 150 190 191 90 157 124 71 69 40 192 98 13 67 28 39 7 193 119 177 118 103 189 68 147 127 32 73 173 100 108 161 18 75 120 14 99 93 186 81 110 2 56 22 33 88 146 19 8 153 181 12 63 187 58 72 182 77 178 160 142 29 199 27 3 11 145 57 21 60 115 179 4 87 134 34 5 76 183 46 129 163 128 164 42 135 125 83 176 101 45 138 74 165 171 132 185 95 122 62 61 151 169 126 168 89 188 196 137 139 35 65 38 195 52 41 97 9 112 144 50 141 107 6 78 43 140 64 54 152 53 51 70 114 104 158 143 116 197 86 31 23 155 123 36 96 136 94 180 167 194 148 133 105 131 113 156 16 17 91 0 92 59 49 15 66 198 48 80 
   Flow-shop Makespan: 11559
   Time Duration: 665761

Executing test 108:
   Flow-shop Schedule: 15 118 101 51 191 75 28 90 60 3 135 29 195 111 104 38 85 151 30 89 193 178 8 124 9 190 48 107 73 134 108 156 171 163 105 150 79 50 5 125 95 46 77 17 183 91 20 11 192 109 194 172 2 14 7 138 169 13 123 41 61 198 136 196 153 86 40 147 130 142 128 160 148 57 141 35 67 181 39 173 177 186 116 12 119 54 165 154 92 97 139 87 1 144 102 146 56 187 106 55 117 176 184 137 157 185 179 80 37 152 27 45 6 164 121 34 129 42 25 127 63 33 64 98 199 166 44 81 131 62 94 96 110 93 158 16 22 74 112 88 26 68 53 21 99 36 113 180 168 188 76 0 132 174 10 122 126 189 66 143 72 197 78 100 47 103 84 114 65 161 140 43 23 58 175 19 149 83 59 170 31 24 115 82 52 162 32 70 155 4 145 120 69 18 71 167 159 133 49 182 
   Flow-shop Makespan: 11673
   Time Duration: 125452

Executing test 111:
   Flow-shop Schedule: 144 451 287 127 294 495 406 78 430 324 272 111 215 260 158 57 368 87 474 134 180 53 275 90 475 188 15 267 340 52 60 73 109 361 82 337 154 410 416 346 191 123 449 237 450 407 292 320 339 44 306 113 107 323 255 378 207 227 224 48 305 217 397 327 98 162 458 460 18 334 468 281 286 496 143 9 353 269 89 371 441 233 285 119 422 343 469 477 322 301 192 137 110 424 379 67 278 20 21 226 326 328 411 100 349 230 244 279 484 75 38 471 225 216 213 126 108 241 376 498 189 439 122 288 395 152 480 181 303 384 448 256 77 239 295 138 336 473 103 297 262 387 481 63 2 3 363 380 211 46 37 86 208 1 431 146 22 95 298 235 220 102 218 313 142 497 240 247 457 203 51 16 4 392 263 489 231 197 55 155 156 273 6 409 96 145 101 47 56 182 258 40 434 248 486 223 369 245 375 479 212 163 164 360 332 161 186 426 58 408 185 243 200 120 436 166 168 234 34 385 85 478 284 393 36 276 184 242 487 209 206 274 24 221 413 492 420 370 173 302 493 33 391 165 442 43 253 377 418 172 160 459 325 251 198 88 175 390 30 383 35 104 5 187 45 147 432 491 97 417 293 257 352 357 106 178 321 151 382 125 483 400 0 205 310 183 373 271 23 199 445 68 80 354 219 456 440 10 466 196 309 485 171 296 131 414 345 401 249 438 149 463 140 50 350 49 99 428 300 194 128 270 476 366 76 415 499 282 29 79 482 289 403 259 135 490 176 362 42 92 252 129 374 341 177 132 124 41 27 312 425 91 59 105 112 437 201 141 333 453 465 419 202 65 28 179 318 351 7 364 17 372 148 214 115 472 229 389 464 347 342 331 39 355 319 210 64 72 204 405 277 335 338 433 246 116 461 61 344 454 435 470 26 447 159 291 133 167 195 396 398 404 283 254 150 11 136 307 317 121 348 315 81 232 228 494 443 266 153 394 265 280 250 304 174 367 311 8 264 330 356 170 423 329 19 25 114 488 84 452 62 14 316 386 290 13 455 365 83 70 74 139 444 314 381 308 412 358 169 12 130 446 118 193 261 117 190 94 359 429 236 388 467 66 462 427 157 238 71 268 93 399 402 31 69 222 54 421 32 299 
   Flow-shop Makespan: 26454
   Time Duration: 376966

Executing test 114:
   Flow-shop Schedule: 0 164 480 202 132 116 335 292 40 243 413 445 102 382 371 97 277 25 190 401 138 170 18 33 362 88 131 227 398 119 288 267 26 316 150 478 60 259 16 284 390 253 262 342 179 39 223 324 10 230 374 101 330 171 31 395 257 117 215 38 437 265 278 301 314 299 470 451 157 233 77 343 296 442 198 452 196 72 109 411 153 222 108 350 272 74 144 30 428 385 332 127 146 66 418 496 248 29 263 466 20 249 291 103 160 358 130 356 204 63 311 134 94 147 82 224 126 112 148 4 219 294 67 114 178 218 225 87 57 300 458 9 436 486 481 135 251 415 302 367 295 211 447 281 429 417 70 187 154 279 90 495 56 414 260 81 352 55 264 408 19 355 232 151 320 52 346 58 145 477 234 71 321 209 27 431 297 329 235 465 166 161 163 386 434 361 416 341 315 177 349 404 368 317 463 65 124 484 489 49 435 274 152 24 195 373 51 228 176 287 331 193 487 345 118 28 426 255 270 363 113 32 467 409 454 86 364 11 256 1 183 221 482 322 450 391 444 165 184 340 498 491 217 48 197 240 194 212 347 244 492 378 80 17 474 200 366 8 423 111 59 456 43 201 142 246 128 207 471 393 379 236 91 472 46 107 403 389 497 252 440 15 155 372 384 76 365 392 106 273 449 307 337 394 422 89 5 239 61 42 231 216 143 351 136 469 464 424 323 23 250 339 167 62 95 213 188 283 304 203 493 64 485 96 328 461 419 397 333 490 14 199 245 189 210 36 309 68 54 79 325 359 104 168 286 242 241 280 220 499 35 483 336 468 254 172 122 41 319 443 348 44 305 214 3 85 99 175 180 476 400 192 271 438 53 169 129 105 12 156 140 289 303 7 473 462 258 387 115 13 229 353 208 247 381 98 268 149 313 318 269 47 21 421 455 123 174 399 446 69 110 354 338 388 78 93 133 22 396 100 439 173 312 83 290 376 420 266 206 137 186 441 448 430 73 407 162 237 139 369 182 460 181 92 377 327 410 453 308 494 432 310 405 2 375 276 406 205 34 75 360 380 334 45 357 282 50 293 6 158 159 475 84 306 238 425 433 141 226 125 120 402 370 488 285 191 412 37 457 185 479 121 275 427 326 459 298 383 261 344 
   Flow-shop Makespan: 26952
   Time Duration: 346587

Executing test 117:
   Flow-shop Schedule: 446 463 443 311 111 325 181 319 460 236 437 4 112 16 92 471 277 233 139 6 360 309 461 389 246 114 499 476 21 193 404 264 351 415 240 472 294 140 259 227 101 61 453 202 116 215 175 237 387 458 421 425 96 144 235 241 474 141 302 492 155 132 457 56 323 161 378 67 221 25 289 253 53 396 110 186 195 7 262 444 26 103 150 494 397 19 177 320 447 30 394 269 377 143 84 18 307 242 105 299 47 420 231 149 429 306 211 411 90 295 315 255 51 46 35 172 336 335 42 276 251 208 127 470 63 69 2 117 68 183 268 406 43 196 334 148 333 256 154 238 454 343 217 165 12 324 134 350 487 263 481 109 329 152 279 1 480 145 477 303 147 223 213 390 370 484 108 442 168 430 321 490 179 85 190 369 349 431 113 327 450 479 11 77 459 115 135 286 248 8 340 341 366 331 489 24 205 32 192 407 138 400 456 133 104 392 10 358 54 451 158 274 220 441 207 126 424 118 49 482 285 184 73 70 178 469 232 216 71 288 188 169 14 308 371 382 408 270 354 106 391 298 318 176 48 448 187 174 124 180 439 332 50 100 462 125 219 171 418 428 66 99 197 498 136 36 218 280 170 361 224 291 29 386 119 313 157 271 249 410 385 191 398 267 413 142 328 129 245 28 423 214 383 199 210 375 131 88 348 414 293 130 364 388 284 39 182 433 283 98 300 399 326 185 272 417 9 427 473 379 91 58 465 445 163 244 40 278 497 401 438 128 123 198 290 261 434 203 356 257 355 151 13 234 467 273 23 166 310 200 316 412 22 353 330 287 86 254 228 292 65 368 345 78 229 52 359 365 475 146 296 485 466 260 372 62 416 206 346 0 317 342 37 107 93 76 34 17 31 89 436 493 339 64 452 162 486 94 347 419 173 338 337 393 403 304 380 483 226 60 455 252 374 440 265 449 74 491 57 159 75 201 82 402 38 59 239 55 80 322 45 488 27 312 81 3 122 495 225 352 405 41 381 464 367 373 247 20 33 164 153 156 72 97 363 395 357 44 435 222 314 275 281 376 432 167 422 102 83 266 305 282 137 496 230 121 204 258 409 160 5 120 301 426 468 478 79 15 297 189 95 194 250 212 344 384 209 87 362 243 
   Flow-shop Makespan: 26756
   Time Duration: 348178

Executing test 120:
   Flow-shop Schedule: 15 225 133 43 308 11 315 136 271 244 338 405 229 261 149 108 395 46 484 411 105 376 245 224 286 446 282 485 375 359 345 452 186 305 147 218 435 273 110 374 243 154 249 200 113 276 96 248 388 167 385 414 365 362 55 255 129 135 42 24 84 3 188 409 486 380 331 250 310 12 389 121 277 95 377 438 203 151 393 47 10 126 303 481 265 364 44 320 170 28 454 54 220 387 307 130 115 312 30 322 157 212 169 319 437 5 141 415 433 112 464 226 445 406 237 191 187 65 379 214 180 373 193 332 232 316 453 32 281 73 174 394 213 210 38 287 124 53 290 90 134 190 0 21 269 219 378 496 171 404 80 450 27 67 391 18 127 246 398 175 296 451 9 333 142 334 313 494 66 403 421 489 295 278 289 34 176 4 469 251 236 407 324 216 1 74 420 473 58 241 165 119 465 45 201 340 128 89 222 41 196 140 62 217 293 75 372 7 91 182 152 422 37 148 206 462 336 270 301 51 197 76 252 361 59 284 381 330 275 194 424 164 363 272 327 339 150 457 400 488 497 288 153 35 56 29 168 300 298 482 498 235 146 397 352 425 48 474 204 107 426 370 483 408 20 390 199 36 382 64 264 88 399 460 434 297 346 448 192 268 87 137 97 357 231 63 118 184 480 19 353 233 444 342 69 161 173 280 162 427 384 358 306 160 468 6 242 493 294 215 318 470 447 274 449 443 266 131 234 26 116 22 81 103 431 109 429 285 442 317 79 323 279 335 329 499 283 253 82 299 16 479 17 156 172 132 122 100 57 328 92 383 402 344 195 366 477 179 292 101 343 208 159 492 354 490 123 178 77 163 144 417 230 198 125 355 223 78 348 8 202 302 94 227 93 491 98 456 349 466 158 392 177 347 40 99 71 371 139 33 52 259 441 117 267 418 423 221 258 487 60 257 50 238 416 360 39 455 138 209 495 86 304 367 471 143 262 72 205 368 189 85 463 254 102 419 314 31 311 239 321 428 439 467 401 2 291 183 351 247 256 410 461 120 68 263 472 13 211 476 185 396 458 70 356 325 166 475 309 23 436 430 260 413 111 155 61 337 440 181 326 341 49 114 412 350 106 145 369 104 432 478 207 25 228 83 14 240 459 386 
   Flow-shop Makespan: 26862
   Time Duration: 339092

Time of running Iterative Greedy algorithm:3154157